90997
246572
397540
419031
490751
120750
343799
492429
279426
113102
445828
67998
310621
15990
44048
281718
456363
411603
474094
349623
52985
314192
438266
298514
484561
329566
276186
1364
378121
233206
312872
63518
90006
10686
150511
196222
222189
367918
431006
332620
156630
370169
4699
345826
355610
23578
150427
27429
459658
160006
249619
361212
148165
392448
142277
318118
294253
372737
433965
372955
65366
159075
239571
495747
377420
384497
275752
158173
480483
435099
2027
411392
297935
435334
59463
342453
318745
269878
21552
73635
91153
160929
318915
145421
61542
483360
324521
292631
140511
331205
68408
431091
497959
458846
6131
465016
19963
311278
403842
426649
338124
364094
76703
277940
418568
389181
461063
187220
113548
184719
498630
204804
248725
53188
203478
33337
406820
204238
403004
136331
236964
350238
17860
103541
326657
228990
25583
7227
348594
72540
380823
369851
360176
393844
379948
407799
437970
422721
251159
240728
384415
319974
411001
346199
34947
472981
162397
260870
346936
419422
389688
358561
496024
128801
141110
82587
101880
9802
266223
469740
81675
210986
389622
47741
469747
301876
122391
317002
62225
208221
459453
61866
348539
188566
227065
460224
336776
434306
376879
475642
432105
136417
273588
295468
449896
342142
411834
128528
419167
406679
136344
495597
348625
344199
343532
179587
298208
400369
76777
431426
345727
499235
439328
392586
110862
376074
476853
188861
285854
493814
398277
293038
215676
254998
39568
349925
416202
314021
233697
146944
233222
189619
397992
391987
66120
379403
14594
194002
161342
110644
13800
147306
301234
102383
98500
219535
324962
302232
117407
472841
62179
63526
21235
224109
60282
277247
486104
418412
427432
45017
38600
344955
155674
247712
207144
67986
127077
34626
449902
165385
17234
114484
484560
407428
343098
425248
414125
285310
234604
324376
127260
270916
439180
165902
487868
372640
86996
326350
229109
296485
294851
390977
354467
250129
369508
117425
435842
416138
116971
163629
462266
429535
192851
242798
345703
188599
150888
263921
493737
452641
406514
131502
24071
289786
154061
158726
499412
141156
269481
223967
141207
339383
436689
467453
94334
450863
425586
365228
394494
355651
362844
433267
213855
252418
295149
77848
38164
211599
104192
197846
407529
464668
253596
236628
486716
310337
187622
96531
13964
115478
107805
322040
462467
467790
135373
168778
16776
138008
274483
98503
91131
309638
279795
194574
12338
99254
79869
26816
441708
399639
397786
485575
120895
115018
432984
219724
212518
414430
11894
446259
445842
146753
199682
271378
269276
452800
98055
147082
497584
35686
20523
309361
328635
486424
485628
484076
86089
208007
368344
410031
477222
25604
282737
372369
288171
262462
293722
285298
149158
224776
263756
253573
440174
419203
382041
26973
87632
350577
470294
252093
10446
239656
129735
238807
263927
453743
82673
283002
497661
367163
349459
330969
483439
301879
326720
405918
74617
316437
97541
498631
109050
327085
335228
214939
473038
40604
174543
350353
71993
466230
48979
462515
262013
184127
106275
253452
81166
100802
16463
346895
406413
252011
398103
450952
433285
26210
423746
393775
44773
235184
133685
339735
112419
418924
436733
167243
234138
196342
211297
419899
214506
273648
494193
164424
113587
13582
53983
322225
468037
386959
3711
67708
182367
203259
65448
59712
179744
487289
212788
301795
55607
356614
235957
486333
484832
203281
397910
323961
63002
174143
43742
51043
408899
401533
101690
68233
61099
163235
180772
682
358566
318476
13248
12829
378456
200692
155555
124821
247345
368768
153753
109894
272679
107309
292779
248504
314761
335185
262005
4272
35995
372123
240875
2220
332390
253472
417349
419302
381862
178061
239063
1853
408840
441839
357822
229622
328801
250838
475051
45256
85869
44461
315348
46048
294736
24224
384406
442209
476864
302979
433039
122288
248162
202738
284688
107557
119398
383843
416769
491740
323126
149942
422690
471634
190341
377208
34998
329283
482306
222966
64578
401983
97597
295212
202929
185593
93845
68274
309724
354933
477027
242829
206540
314196
97542
286032
213462
26527
485323
74112
33032
405692
460364
338999
435304
104591
54602
355367
93623
54693
347349
398665
350873
401588
382936
383069
483921
361043
81637
384238
130772
178252
142207
496157
232057
7650
281146
70966
58620
125399
286197
9085
60359
94017
315777
213003
379780
486660
155008
72280
286192
222472
394651
210955
91270
120441
66902
44265
280244
449410
418466
493342
294720
245748
371865
192209
99967
178373
37575
75880
461059
499567
422246
159701
322049
334319
306424
261671
75058
110058
30467
336330
278340
217819
317460
358707
481336
58289
4470
232773
246264
349989
455805
484738
78134
136517
62043
388943
192961
444157
491717
116110
449009
432888
12450
198270
434571
222565
210969
138805
186729
224539
382478
143564
106335
351687
155858
272865
311238
328974
157813
328654
194282
479288
273548
325561
289465
305894
252560
321998
135748
33212
222811
187912
209853
136533
369610
42964
79445
212891
166720
281045
260649
472145
213433
450720
200598
490968
216068
232911
385023
372265
99508
238938
222583
199578
376653
183550
387346
298856
252299
452475
226356
21497
48465
341805
435023
484327
223745
74155
270408
139127
135619
464703
467296
271453
112976
164547
476681
313307
187276
291505
234250
356341
382196
292225
114341
461893
79813
486322
48259
13155
267594
349343
79685
100509
365862
89242
274813
252774
25274
58245
305498
34032
103676
33642
212863
411625
256207
355678
76937
304644
458478
58858
28867
153572
65330
489117
483134
76214
206232
44206
261867
65240
67568
97916
118273
489187
280259
159293
236104
192434
428548
379770
402859
139170
299080
15599
237345
224771
211521
64084
43987
310397
278210
52924
136521
55457
154772
189379
199494
118102
482846
378874
56636
110078
284702
71766
487462
493316
66117
207702
54223
383470
425840
379388
43129
379582
167639
97757
249319
183389
418415
267374
160999
445129
363140
46240
307966
171496
62029
28884
73930
230756
477890
252609
130102
29942
20582
33072
383545
193941
312804
424814
153549
462475
141716
436844
328990
421876
393785
487540
489989
195897
336952
209555
330808
27837
40960
126973
488673
351460
304818
80858
167625
443640
225672
27012
137457
212874
479179
380126
229384
306051
355743
458450
124243
491648
14481
343421
487831
230116
485098
122440
107770
212007
340538
271104
329013
291407
30409
4682
342896
417860
433703
430933
169162
119242
192698
456493
438058
325117
452229
285364
345395
268663
256034
407547
74697
41670
257398
450111
477887
495630
246142
335295
470602
234416
471112
67825
402723
260788
388260
66296
450355
274290
39859
431952
83005
428793
277514
78894
63009
435216
45306
343982
442092
392139
426814
157739
63968
337481
436746
97674
210738
425996
281820
454482
146633
154820
131998
34589
346640
157442
151674
9670
491161
75034
225956
375525
249326
390649
33371
62695
489280
350488
207124
131904
471109
454109
359603
453348
302729
295424
60618
204267
229934
325176
499783
9637
237447
178398
238730
373394
371841
118746
331766
169336
370990
398108
374645
265588
131677
230165
584
370961
299245
58425
16422
201584
351428
187524
341140
144815
198528
118345
495178
84428
393566
411007
16830
294106
93633
403569
316430
81948
365245
188871
133726
426577
14877
39799
438771
207417
23806
137306
489420
407371
429002
317566
481108
68541
322159
106693
30869
120255
340924
29326
181411
113573
290330
355959
244824
252957
476736
328965
69552
496738
486917
108233
80691
28667
461351
7536
477978
90018
472111
76302
486436
175792
491704
272427
288225
366186
443725
116741
253859
47714
330883
361238
487790
292744
62940
348753
351452
109760
187339
432174
496279
36788
456215
132451
214468
221504
253158
89519
423652
437400
95821
468844
322889
426457
457923
111186
25928
206716
256568
296430
154145
344992
255265
253343
93283
435014
5506
259448
194633
228886
285487
387652
350078
245891
363107
288479
314464
42018
374738
25543
30084
478475
210601
176656
231857
254401
354538
372766
416223
442381
109087
418252
423465
324405
59810
226346
98985
388575
479021
465313
400643
358273
218189
68614
306264
244965
235456
168668
4729
375566
292152
117633
206435
486995
423800
96072
281335
411356
83117
344404
152492
100513
67977
274470
168037
435201
255168
344930
84887
199875
7377
392264
24652
220171
56116
228751
400135
437028
171291
280202
1510
316680
413375
337194
477591
172831
309561
116056
237058
359454
456040
430953
212315
83108
309911
476080
87461
334742
41648
304933
362390
180677
224602
246307
53290
384549
221860
445280
119065
290418
136478
86571
361843
68330
340801
71639
263232
110807
59393
365973
251380
497537
337309
243926
423922
322703
119904
51439
435213
383626
21129
104205
411698
148369
71789
25528
167051
371673
272921
176050
29010
300777
342668
135434
112086
163173
203558
261665
256688
113276
186104
125337
309010
134547
131213
16551
422492
204783
150001
123229
189642
451778
312022
343394
173097
419288
2046
14636
295855
319912
444413
375302
82438
102631
281958
111629
89729
428619
222124
276938
346891
27883
269006
303325
423670
166088
487119
101927
150965
493184
79335
390976
279240
175290
140155
118221
432208
228689
196710
428043
441385
410147
106266
460393
139369
245816
440161
269245
429824
245693
421651
360084
380701
107381
414749
365028
241565
222442
43275
341956
335689
199548
88899
497696
208192
212234
276467
275144
236414
129527
452428
107967
73871
376532
193595
210377
166277
312991
164599
409703
56283
190394
88074
439801
350377
20232
227359
373763
461890
310717
280624
118962
343202
468419
210680
357030
324230
337019
16079
486529
260639
221554
422568
381832
1442
487845
41950
153626
230142
22422
476986
496381
466480
328616
2524
266225
485534
344743
191045
373874
370928
354346
155504
85973
267327
158165
301750
480207
26965
301695
198419
156137
146141
236201
26216
384859
439931
325447
149543
281280
220316
10585
141844
492111
111053
419117
4639
280767
418349
350538
333793
222390
482803
286986
354235
261478
147722
33681
451190
381040
349036
190470
414802
97964
229429
460444
363759
150524
16761
341883
223417
2594
95705
10290
97720
329097
36371
124082
174099
207482
288781
222596
313265
450460
210867
104035
38667
128222
491907
382469
341568
189834
236260
398222
465460
437545
75396
443142
216838
322430
117524
312997
405912
493507
393310
165674
241049
362139
383115
219515
231090
87182
245929
324985
250636
478896
222389
52211
467792
42972
52823
217865
421522
50671
359348
174254
130272
58638
400096
322901
205189
108390
211296
106589
237025
41491
35829
236829
165327
51772
38990
291728
188561
416448
43581
240076
460587
482143
5756
58825
484304
293809
776
336999
143426
107236
378396
430139
387097
404877
292320
51406
248909
229261
332863
240667
443397
487038
262760
157016
93937
455432
284871
195842
194363
355459
193489
354850
490512
171013
156404
143650
381088
410106
394150
162437
327385
67120
257099
327297
320232
173768
422896
476766
401684
161347
401264
146126
216387
103372
477432
46970
273486
491285
26986
460866
350834
200737
41681
327893
306728
409130
287894
162045
359495
111589
401816
431428
319852
75804
289947
308914
419737
200645
175707
478245
222215
17674
481850
495850
326216
340967
429192
36472
257481
356695
314971
335015
418868
91334
29539
361888
321124
189011
278129
118051
437084
487390
461293
288413
55813
108368
442591
61206
160741
492116
421087
308085
162217
170188
16540
483627
89899
155748
238351
263186
117996
409061
496989
461088
249747
335959
214601
63842
29555
409936
445334
298148
305845
465437
209112
171784
403403
63903
298160
297260
119174
126776
118944
488187
483625
207310
3442
245037
300790
368475
390961
405234
69063
251432
17384
260298
236105
164898
461477
412429
327662
136167
70644
320430
381017
27859
349002
284660
369391
323960
491894
74624
127402
164661
151540
83583
53810
402735
156852
48485
415211
255568
148402
33563
121057
494287
192573
8738
419169
25391
53139
99914
58334
44104
488605
66311
116843
322263
8620
458525
197064
212643
390726
493019
458486
261501
89081
441443
487532
392314
200154
47994
383528
362789
167197
118972
92942
406207
233779
266777
28438
68883
400935
401904
71000
368483
11410
130199
151519
322616
149036
432643
21481
379431
474327
402631
87915
14468
211130
89722
161464
30975
278136
127546
303696
396480
434618
79993
139562
215318
404146
191914
485422
334559
4899
230401
173394
52987
173517
198162
276915
453415
245698
497320
104619
27306
105382
316924
390583
6085
200346
79330
104415
149018
485933
479889
318252
450022
123869
457916
210717
312604
143598
130697
440375
85835
229357
385740
159537
218726
401775
251762
51589
8641
267711
50890
140000
220696
187731
5496
161080
101929
195743
218782
253983
458561
327122
366803
386544
69782
190171
147972
492619
121584
408847
229909
349207
346868
486038
139054
430018
481451
288057
230349
114857
462116
453468
100813
56590
39508
336169
411217
75884
350702
84134
419914
148236
430270
467336
143378
191765
18701
39941
424561
469354
371450
172180
396417
285535
136978
277252
121607
285913
121674
46006
291369
176569
411565
34844
55702
265108
408246
3930
443533
20356
463375
473758
144008
136238
38898
472446
461092
30370
231644
304030
264638
204105
324516
373309
264878
97100
134258
53357
163109
82821
94854
180686
150451
312337
333576
449666
250106
445699
441836
90990
102241
126057
79428
434705
425828
476099
493248
14704
182502
280834
266801
305166
288517
352340
458648
188843
184036
253558
21859
230488
364235
159857
457307
227370
108939
301420
189732
457357
438388
40606
253520
477916
380291
19080
32316
140267
53008
386045
288863
299970
310971
232260
421126
203867
342688
211446
251154
417296
230944
430786
394592
491107
421617
159211
170529
235200
481621
110159
24614
253119
167644
299585
117945
105013
301980
167683
16975
174646
388071
447385
429942
478789
110275
54991
171286
353360
198015
433315
284540
192432
342209
394949
61915
290471
428027
413954
236156
228535
123301
498939
376423
415913
8367
351028
275193
284021
130848
295985
388878
97803
243007
250994
100574
166120
220082
370279
466807
355206
147526
298717
2983
251298
282853
229095
431400
157241
51649
151365
194632
101039
333313
467414
5391
381142
473803
349217
366857
436450
89848
330597
39729
278391
282971
155661
64003
155655
404300
131659
255181
227830
244383
436026
138827
410984
26667
33672
358044
469043
423458
479315
173378
464791
267091
214773
486285
28400
467098
414519
252566
347715
164276
87678
376004
54036
307487
247885
176889
282884
395929
282781
37949
619
490041
462862
267874
291318
80340
399971
166635
18993
313623
194708
351960
358
354750
235
477717
207876
482007
98158
245312
165293
413659
390326
172102
121362
186998
402342
56357
269914
446104
395913
128003
311829
375826
86952
438821
109140
68627
193656
452193
168180
497559
10452
477178
382740
370527
411569
333993
87488
108791
409600
372185
420968
123775
362728
287746
166631
29231
373612
314282
427791
15366
363304
460176
497554
421214
165200
118361
285909
246176
228324
74446
293374
117046
485166
182908
57062
330410
34462
94016
165698
50904
345895
372576
467496
99068
20010
379435
277438
448789
467504
190490
285874
105213
267157
169193
204439
467359
157734
34169
229565
381641
102121
265049
310841
456775
261391
153727
101520
143673
122662
144691
138798
54698
141554
457581
261221
371914
356111
326944
461168
337566
1863
347342
197830
135554
478189
324163
174064
479757
305889
223318
155930
345758
403704
98042
130550
162483
410316
54225
20271
494862
64542
115821
344453
45168
26418
420236
487364
117579
399131
117361
415477
168659
90920
88321
86195
47799
166624
257946
292522
431887
117611
51211
270786
448370
489474
219180
220094
99237
59628
194228
46119
418778
238573
249881
332703
70978
335769
386216
228590
493719
34098
271235
224791
341852
493782
453311
286993
350612
341939
57090
293810
368363
151711
69937
257722
344535
63833
264333
375291
185263
375717
415577
305053
339521
294043
101009
302634
58017
57202
280539
71217
138594
485717
485760
396658
72407
1228
450832
37966
67707
228675
335281
355599
154490
481216
126183
438781
56092
269318
323413
23438
473953
157053
242739
281532
364974
50415
330824
473542
397588
476625
111608
202178
325041
129184
335819
490174
303259
476468
239838
14278
230799
420178
275175
219950
128479
319587
129182
223518
50107
138158
63151
239156
462710
269625
442241
321521
401323
183452
61487
268621
249765
468562
47250
341371
380947
34507
228848
148720
269078
399420
485380
248306
493649
3506
67722
161479
140498
431889
159214
321618
422649
397850
239356
162206
376274
295836
233485
205821
305225
272228
402558
416715
240602
425046
2566
217052
80701
485266
443711
11426
3180
389938
95271
138532
199898
175746
81354
195226
420103
278441
73489
205874
195682
257501
186172
428099
167532
271907
89352
80527
87820
172856
233786
97357
443643
106090
229608
67499
284091
379912
421695
272352
314794
15912
134290
473615
123332
20869
162596
442736
52476
476543
242414
33399
132119
247057
70775
33778
268499
64739
487916
73304
478603
104242
461286
379888
261753
442282
319657
394809
473598
124811
231315
101660
339807
408526
99001
387489
387021
97152
433332
62658
362769
28226
218778
20448
91875
350524
434956
110155
69776
147680
107703
385945
456463
490904
339732
176362
212804
26896
8129
71620
201623
61105
345304
490558
45741
242066
337024
404244
425823
250021
491326
127754
243828
306817
124280
176695
102553
20814
312597
92607
229558
304710
494988
308544
75829
246085
74152
169440
287962
330450
154012
380408
316466
123887
70666
448462
194281
320543
243882
413533
54429
111170
215811
99387
335916
282609
392667
54446
116568
258547
249420
378320
369144
103906
228668
325156
22222
137146
139339
499342
412067
208767
82971
431661
449791
336639
423903
474538
218432
81443
411273
496344
312502
18067
105773
388355
203464
238204
254870
416294
445965
309056
127022
243037
380536
406867
12403
382281
45991
201563
277064
420470
162197
247157
451832
173538
23413
475723
29745
187656
436972
14173
389070
250424
250580
268562
51113
414893
482593
121610
272867
450784
4512
340871
418479
393932
447601
403087
482809
498997
412644
310434
288630
153346
420962
428384
467587
314716
445500
162295
429076
312901
437699
227322
398724
382946
387193
85181
124775
363969
117307
419995
194620
153926
166834
122843
325870
81912
210631
25536
3164
308716
73068
97565
10509
325741
335733
483184
436414
47809
422756
117193
227540
31349
143956
230886
118667
387780
31604
294641
149790
435988
81243
59299
221759
320997
47112
103765
336443
402479
286381
143033
477291
290050
240791
238851
194863
119601
127458
24234
34461
420199
420095
132596
20682
460226
244552
10715
245918
162301
385868
42454
384640
247359
62961
78083
332098
310721
434699
126813
8532
383728
62507
388533
463104
351255
494054
310647
218602
276259
227283
53631
190158
255589
259
447485
325614
244868
411130
396504
22437
171006
63900
139876
89364
15103
71861
40358
311299
206427
48081
327332
284006
180957
292438
160673
122956
214539
385368
101054
239313
417117
6146
482687
1878
395562
244158
321945
283564
482533
364958
461341
52056
351131
466305
205265
244544
86313
269927
451582
343023
81241
105352
125426
424007
164153
413780
234503
390200
134957
486103
232984
320023
450642
219520
413027
445954
261617
181250
163742
274465
239146
20832
456064
17564
89413
94187
398926
355868
338473
269823
117534
9698
449381
345930
360584
339116
444505
97677
37308
497383
326306
314646
188230
373515
305921
236748
142050
252280
323079
240959
273322
388218
367224
59871
303084
214093
340863
83487
100376
250665
260868
111336
463144
434318
238239
431819
31176
205235
462588
415510
486224
294007
259473
119760
255022
237201
348042
304945
467668
168797
105634
212388
363637
383484
274204
319249
257616
488498
472537
58578
13598
459177
405147
169576
9775
152310
96952
491552
179313
259843
406200
33495
84788
34107
163429
364682
17826
246598
198405
436214
293653
291018
238285
497387
19883
276566
110983
245545
383366
305982
176450
278907
461653
326808
390621
58215
189253
188582
406730
64584
80574
492728
25098
425241
18113
221577
248022
244210
496668
307046
146269
105046
190731
230394
482131
38426
63302
361849
373929
362391
271306
274856
58949
286361
419106
423964
486745
343885
85357
79524
175057
358494
21286
369880
323839
446297
492784
229452
286411
316428
287615
465674
422228
77622
286418
82772
435491
201194
272514
210277
258206
231823
373453
61293
275374
318255
212881
208246
182627
239208
94205
449743
222181
282616
303321
365316
303322
55176
58596
184025
325929
248419
211212
31196
134769
498416
366325
206467
73366
302789
447081
155576
336871
291173
356257
283346
481319
403010
346029
102886
480287
90339
409651
477068
309917
142071
494338
101270
380352
164067
24335
398742
173899
200378
251372
75231
474799
121822
106980
247475
296725
145002
141348
185092
338871
310664
15618
161703
360922
359727
250702
431261
83439
498400
169076
140533
468471
59226
478419
191538
231707
398174
111818
147465
399839
323541
69664
294919
220049
488539
383313
37091
398132
85145
121979
18939
254022
307097
440645
1188
160731
162257
195117
495917
472915
179202
356675
73664
159641
83496
130634
261409
313253
308897
134919
28264
380892
19679
371294
381444
439096
388178
282997
18627
127346
112486
19001
326564
438934
44290
45903
393865
102870
176059
30854
416536
262274
247797
318429
298072
311363
73267
329960
97844
276347
480120
214853
52512
59063
271618
205276
41852
432361
106203
421815
345771
161514
74672
28487
466123
446350
273949
20426
349398
279125
97333
75191
304143
92315
249293
198768
117921
169884
487460
296392
152323
11961
17230
481075
202266
186582
496394
289990
349141
243179
286181
227861
81238
270226
175573
364178
325749
285548
312287
342523
349407
258593
286990
128951
247466
177047
186791
486590
204823
17765
301396
60336
86629
341516
334349
305153
318458
312033
82046
37230
70270
375057
40824
331564
138242
47608
418462
139108
222118
5416
30589
36972
226669
249770
211499
478215
157299
31203
391359
322264
319144
98888
129717
464084
423245
256578
499508
331295
175644
387907
104461
206637
367133
117341
380552
256562
107840
440287
203175
177398
300671
393183
140538
16802
73061
43715
167327
372106
99214
495489
478515
114732
191320
456667
452725
263661
300385
400596
46162
348887
418429
376052
161414
377720
374811
70484
393991
276257
429940
422165
485264
370101
372942
240543
205268
78960
468801
201587
468914
364567
42923
187974
158853
306476
23661
404912
319742
33281
45585
191583
386887
455645
365117
174461
318537
471811
59714
22216
95602
191957
381002
147189
235439
74660
224207
204851
176721
145010
251187
259951
358960
62479
91288
292208
23856
358464
308505
385985
340582
315882
108088
162263
185473
51807
485073
455862
469350
33988
11610
369897
318558
214846
46918
103292
307190
362524
227388
409581
345504
298589
70538
131869
171772
300061
348999
167304
432573
499399
176342
371348
269750
425036
215268
298391
372601
449383
446337
139706
293978
472990
98014
275544
163862
111268
16684
363040
151131
192382
483609
437852
178587
132648
321173
251946
460168
275162
163253
44295
267539
331380
429449
368838
118758
478753
172236
179883
56799
85131
105326
227632
218175
59196
89234
46949
43472
105059
481394
478522
444139
52732
370743
197010
230496
402746
264580
121488
347044
325899
372969
213766
176696
476469
347009
317874
302170
404704
385217
31430
370004
75965
167917
493238
362468
474362
78388
294044
476204
343956
90207
133056
47882
249827
86420
28568
134307
240158
244063
114758
95216
124611
443974
475208
3981
202114
376276
184971
11147
448537
488487
195847
486248
2416
163545
478579
8139
56644
265876
278876
338648
289846
305536
234372
187835
190830
365621
366296
313160
207169
422812
63795
320775
17446
390008
305246
46554
188652
193325
247030
414838
337186
25758
446733
161828
351618
225914
310001
395769
407003
354409
220239
233243
219672
457218
383267
133044
310102
169308
63799
172569
247422
227855
159602
309004
57726
484135
384804
449614
53388
190552
88033
323086
45677
239720
418711
216991
315897
234085
145569
39407
495336
367425
247521
50518
349473
192611
147011
344677
56263
162658
464461
250725
388761
484140
156286
401798
173366
266740
40432
352119
267143
147227
282485
433814
157353
457086
13076
399649
338895
196224
195923
358111
128354
492352
375738
304336
2161
190370
395192
140875
259573
367137
58567
344429
124507
115115
393314
11038
142820
220582
448880
256773
300180
215796
255059
201296
151177
452255
117552
391196
373193
241965
434465
216650
359931
216638
110389
294002
45131
431389
478232
373614
218365
282188
78317
159754
147461
198905
50146
237231
268556
425260
162421
124898
478134
155241
7904
118900
48046
426423
115909
361457
429359
90964
499305
433243
354138
368092
104645
80785
329235
137479
484786
244400
127485
70351
403386
120078
423361
10022
47637
444864
268722
9392
185810
35524
181048
261959
124344
172857
72198
284691
133731
441289
163085
182863
480385
496274
2714
468112
191817
412269
435294
243195
441614
193605
469010
186661
301024
110745
186648
483774
151342
180258
370648
468119
233369
134192
333349
264288
15918
290540
270784
465764
412908
89702
72682
478002
104413
353564
236347
220726
150416
330759
26102
240885
370529
227066
357301
1585
191359
173678
367561
37825
307361
466932
121447
109923
151918
269909
330543
207563
248953
130685
60814
348881
268902
279624
284911
89885
409394
376167
296509
250113
107910
332285
188134
324831
342145
340813
313304
142693
57896
420740
168356
111388
116517
441071
380266
81919
454650
295516
199560
16536
442845
440278
243130
171341
103916
340489
430040
273700
181300
96563
352080
310151
70190
3155
60279
349318
417645
147844
254292
203886
87094
256944
413184
337934
84754
125302
370525
15701
308012
288762
394087
143428
454218
165107
439853
266366
161175
25706
293174
152300
473846
280773
82560
428677
347950
177368
327040
149576
64794
265084
155867
487436
434103
224710
143707
112743
170194
83842
419639
229945
260225
27706
371611
279324
340635
355535
178975
324076
339211
29854
92047
492219
294657
187766
339050
391948
177074
283475
325032
276499
242389
76328
81425
306327
462800
299683
190746
119188
182538
238054
293132
266800
47973
188301
374001
143887
438189
291420
326899
15588
223029
132551
440497
15200
428096
470403
450122
495274
428033
121199
461733
497749
290819
412148
175228
56248
436673
57167
261445
263143
348860
343855
160991
242870
279354
206509
359083
218831
443233
182372
283468
252080
177614
66187
242848
404775
435642
149606
82225
439661
79279
313155
81315
424800
446237
113343
116171
338535
73600
333878
296095
438110
406070
380103
430240
125066
408785
299968
429582
384708
322216
401211
435411
239661
356154
305192
244897
112171
301114
242368
2736
127220
195865
305531
318677
491060
360681
88393
377464
236537
34013
436683
310695
29953
461445
195273
494748
368123
325703
135579
180736
88874
116455
415681
427061
244749
264100
212805
68467
89386
237166
204625
231162
386077
221084
211408
267375
124459
112247
438024
35005
369698
38144
218437
427783
498202
134324
461254
281751
199259
147496
132480
34152
27248
297743
105452
78933
162497
209522
470096
307938
59838
284355
192788
73618
48424
266943
265562
479588
413097
417620
267297
416017
32973
207015
259086
288919
151399
13297
478565
272124
337346
388926
156659
174158
263225
86708
338880
439266
495531
310043
73500
51930
65266
191100
416556
487620
129304
465794
445414
196131
107254
113886
302323
450929
118703
103645
476138
84863
333986
258369
333436
166746
289762
107580
288744
258486
440567
459351
398878
417439
353583
456130
451140
60426
97518
129624
106444
17377
36534
198753
409045
285476
137107
159619
421904
485143
258848
429749
280774
101439
330924
489849
76751
443448
413421
398093
37378
143319
121315
218577
266895
342238
353808
39967
213809
117239
222533
473407
418288
182796
76005
180136
136775
70046
239538
461485
5195
202696
326168
129850
119152
51243
477943
2923
462287
138228
30169
433984
289948
243856
297961
352011
84188
384292
26662
386020
272364
357944
59041
196463
278872
286761
482034
159604
212382
262669
465853
498041
29276
50537
86874
92983
150856
78818
466073
196194
227519
389136
38047
281670
241588
252945
83716
206981
85840
3875
382179
316789
259603
151098
321690
358449
464750
30827
316091
374275
484732
121311
93309
181865
188212
83954
208560
319492
82722
168608
132778
402963
320422
192118
347937
41126
441939
249032
41968
468162
193544
390990
387111
471738
151245
292087
445407
360145
418333
343208
23922
451815
208233
225965
142689
65960
250383
145437
314711
97608
278036
253912
203346
126777
267637
390332
174709
175826
179633
73953
364176
482519
14120
60125
89291
432441
426917
352805
56997
244293
59193
395319
462304
367892
382373
363329
41687
213045
441853
167641
127176
243321
30270
99030
53362
428248
258773
181665
458077
116892
444700
373461
183689
67020
325172
413230
170220
8233
230248
235845
404420
473625
70797
91479
409234
443215
256623
362845
138561
91946
87523
18765
89317
497150
297267
109063
242183
30296
374781
20017
278004
142770
179111
394322
116531
194452
32854
444981
92933
172500
243183
155501
16749
387684
198964
358688
18063
278857
15509
180776
139709
420143
240980
307328
176976
457806
436271
359444
374064
91001
332274
180122
38835
450305
213311
182563
323638
49211
109811
271008
490839
427410
417939
43349
165736
160452
469887
119502
141044
274931
91328
358387
340060
128243
337322
180069
92675
436257
448436
388707
207917
384591
185726
352707
41366
320787
223683
335744
278853
66859
208884
478701
423633
24725
252428
498629
462398
210963
294577
269708
162102
102124
70041
101269
161421
218575
136363
185452
494574
296242
173067
133434
315213
372397
218331
383942
454570
422861
185653
272072
351869
422053
115887
290714
1665
123205
301273
281100
382379
7873
492523
149859
440153
164511
182625
121249
206918
318970
396391
259553
67019
190266
306352
103404
210078
326430
482578
481805
270932
328730
372650
403717
10445
118242
266949
290364
452220
475733
219306
253228
300713
465908
128543
33223
33123
153862
135907
207463
138584
424540
45006
465183
418231
29394
337859
420967
213261
425849
434156
255511
217876
169858
197657
192904
355970
477523
27499
9035
106100
388856
276971
474367
326667
48268
140942
322998
491649
196191
318688
465781
474639
249465
65565
135395
188766
19676
251116
1915
236308
351310
70103
429403
157355
289141
494424
211989
187724
193754
378163
249621
435085
209339
291922
326994
389124
396
455584
84152
434087
115155
145801
143067
462160
490081
151154
388936
499455
137060
192190
126447
59579
241203
155988
33718
316613
124358
90511
342661
215307
460544
69373
403697
492441
47192
36390
143571
72465
60356
23902
76789
280375
329573
316550
107570
322332
185982
267126
74351
71119
37334
39373
203726
161722
223958
59090
272073
388984
431475
162166
498211
274740
209232
124529
120111
482084
372323
326540
331621
56178
391544
422713
197604
125573
447459
398446
163168
244213
271672
407915
131593
318689
392612
26695
398594
59487
317271
311908
388532
116518
74144
223865
163112
237193
354426
339317
446514
220216
172097
375189
84231
265716
253420
398349
343504
397246
255692
478070
439489
231015
377411
331972
164146
445430
135822
98449
47271
66
436518
31632
131162
8801
439621
239376
153191
59235
457351
350368
199869
300691
48486
441941
152167
264499
220235
475791
165522
311160
12528
69717
384713
472175
29448
177057
383243
350741
201836
175114
449013
231879
435561
413145
346021
449235
8741
494371
310291
366111
248009
52287
29698
435311
391464
333704
282359
207181
381343
16138
45611
499457
46435
229693
363621
343792
474482
203093
319504
147363
33884
300106
323742
76787
456851
240486
214469
127075
481240
348563
29494
450391
233221
479555
114622
76948
342295
477800
218997
168580
453958
141645
95794
157452
122700
87343
165
293379
404337
390178
267260
187399
340149
155329
6701
343129
480506
460559
176937
330642
266653
94195
276889
145126
478842
302963
438053
23472
334981
393187
496815
266170
35046
186249
251752
362125
466565
396625
105916
33340
336936
302942
307379
409017
272587
235205
380647
198542
184176
15394
447934
166294
112633
476874
44888
14914
248079
238051
449105
266067
373470
395142
310277
392895
199014
325636
388991
490563
21810
91604
369240
277875
439465
104795
496299
287395
156089
239176
431220
426339
407895
357307
463676
102440
359243
93434
269242
463564
170169
64850
283596
414696
440588
467335
468245
114529
34425
487313
328895
365672
406494
74747
419911
165154
103066
366615
434342
24044
215234
447690
148478
408613
60772
338779
182511
293962
197046
285380
330988
205356
493712
362399
201353
32300
98308
382568
198522
341646
457732
311628
21122
108999
68251
184783
30473
59343
281594
440893
109300
240111
394518
204430
337484
249372
34398
197946
442701
429540
457203
58073
80450
294606
482757
465381
139575
404451
185280
17195
161762
472974
133333
487901
256829
326402
391421
110225
332020
96845
218207
443111
378622
24743
89653
266760
401026
220296
221979
451954
12740
272499
324803
137064
381599
93645
343556
445551
377781
84207
467036
201862
433852
105060
219957
418322
423449
431359
152103
82684
180973
349603
485448
69006
162084
55299
346032
47043
287075
345671
117102
339695
198364
449780
9874
357014
470202
328149
257344
292487
74408
81298
423846
215899
464017
292985
373618
100959
268975
53204
378614
364646
285134
81140
419884
203201
251244
279116
83875
40771
403472
112015
377730
187780
294981
256638
266558
222553
71104
340855
58790
290594
334449
154226
174759
9036
473453
470175
285654
337446
450366
478818
142106
32065
296108
307422
390268
136174
480008
465961
136389
64419
260730
144582
123506
449930
461108
52621
153934
71635
149052
489350
160712
327390
253318
374342
76128
440803
136885
431516
203724
146928
53094
180700
135385
421396
334615
293127
194269
487740
32493
310179
218725
165627
443095
154892
381484
383080
325995
472842
328288
19988
61368
336249
427378
226214
187647
255861
234581
70315
399701
494980
467922
328232
97183
456906
198879
130729
88462
30164
287620
283962
5575
445940
94212
430678
473728
402400
133348
452223
496967
57500
43805
379368
245916
346489
159041
189311
74280
421634
166399
417547
201224
288950
265395
510
399651
210179
430106
11678
156606
174085
51136
206431
166786
394913
328604
33351
422900
251863
99993
215364
26176
415949
234014
44970
122446
145717
430682
211556
81642
233383
287106
62900
252301
168442
238245
414359
450087
168460
50637
167591
203960
69168
444754
387239
135391
67384
382596
777
450175
29734
303690
159157
32834
28115
331349
261708
35886
104615
121257
391403
165623
142879
271210
160171
441834
388341
445911
313229
231892
261109
385299
206326
52504
142546
222191
256164
404218
447
257317
341785
326312
163618
405594
471772
69824
101355
304039
388904
202475
151264
244920
383405
350072
260469
305533
42933
105225
83203
226679
299625
78891
189305
292132
362887
127233
156183
357222
440117
279902
255482
291859
453998
94934
321654
443046
377981
152315
66326
218162
406016
356109
50223
467507
444445
244493
395384
341271
132124
412040
462240
177409
494172
217303
263729
38174
442962
291631
242872
282986
391239
198508
281778
118681
343387
11544
382466
496625
349531
121513
337819
345221
88210
390875
242484
110651
481241
295815
191738
276961
178817
365420
144321
266433
294187
182152
54385
64904
375103
436123
9640
456069
10232
81957
356708
181898
126235
139223
40805
353446
90010
76314
338946
248356
55479
464261
373392
398104
167741
11262
315525
66331
31099
68372
100491
49494
391028
21153
477396
5345
25395
256823
214153
22888
120217
73977
204437
6736
149776
271828
65316
418543
354704
10981
315922
5392
40170
156790
410226
358124
322883
389654
466640
269337
585
305860
429282
457749
329944
322316
384763
49262
369504
406047
390466
357205
458402
487728
324224
452691
65764
346884
203738
204451
370924
378623
102985
20175
482522
335640
200499
292450
498139
45159
262260
429106
475586
94943
165929
474615
313303
234415
45161
335026
108437
492746
112308
73255
288569
445874
216964
253203
280370
24216
234275
295245
330342
490722
375030
408819
256915
290180
398853
121229
132401
40967
490534
90533
14681
323558
68087
432197
362784
432723
488050
177185
459628
109093
295732
379988
331732
411058
305444
429355
222280
413228
195137
440406
31782
453637
292018
294622
418661
386592
167899
34043
28238
441279
495722
41039
18480
234379
240398
167605
324023
138918
386718
383739
301309
35850
340363
108930
50035
453312
60591
128790
196415
118702
346665
321479
68180
386897
132667
59872
6473
119835
405385
307139
202749
109509
343236
310801
452552
159594
47292
103243
59796
59097
162231
450693
476
271490
232880
310460
98336
87181
407040
391706
206770
413912
51131
457907
454472
62562
109947
389187
483995
171443
414471
452615
38292
469150
240113
125550
413784
195511
44364
483655
265123
418405
77117
218632
238322
80964
172603
443669
1318
253782
178241
405755
202540
93409
390854
58791
82064
68568
341938
70028
176228
374532
37177
447924
298162
65714
188914
133322
248824
174438
495962
70185
424323
59375
410997
228037
194343
469521
398084
213414
302442
100057
252172
306608
191336
41969
420590
2287
81382
40516
310454
427941
129595
408466
385407
299303
457149
348256
336090
23686
367791
148302
442245
412212
399653
259035
23967
38395
292194
17836
362149
78660
453202
372693
8988
283675
131060
356434
365980
194545
257774
148593
241440
212735
215716
379381
458927
114304
398080
211098
438465
177334
459317
54375
327077
164105
98217
363412
91508
45406
269833
80731
333615
221878
70267
345618
414441
187918
415326
356452
477966
222677
28644
223471
466191
234542
128525
132441
192786
151872
41890
114584
103662
181015
432698
30400
129336
344296
307760
187391
296135
124647
301582
493517
191999
154276
158489
43580
118222
171339
240628
287129
254546
344220
177357
212267
100403
225157
412370
149488
439039
363498
474322
329177
46182
36915
450651
21027
465864
123016
138263
229905
274585
205959
488046
89441
290254
291298
354979
180068
159492
152914
464960
45851
345806
174744
144265
405006
200288
441169
116068
402159
88055
89882
395061
384697
8938
315036
58286
27518
182832
476202
70674
95290
252364
416877
376166
20096
5373
31550
99963
255647
171992
383511
235164
83082
254419
441412
31827
256429
337325
280205
213563
149614
36100
487548
495898
118711
5638
406091
180343
178219
328323
426741
330131
25729
5180
270046
472613
385168
280620
171469
307236
7977
345909
347229
384976
112196
385068
428650
390158
247791
359869
387681
321247
489272
260438
409503
291523
118953
213658
146357
364248
63107
315115
48883
340963
364739
145157
11098
438747
138505
126920
103351
380464
123926
283461
191990
272674
342039
488562
462845
113075
415294
40042
488574
372821
454997
202729
427333
120198
354058
234793
228884
96026
120223
456827
41399
149138
38403
433352
488075
90036
349361
238294
260691
158654
455149
101038
254207
275316
410937
241417
349537
1545
267550
247864
417104
105949
103132
260
479028
232429
241488
376648
376070
151764
281704
310297
321523
329338
239884
430283
431844
439367
57271
22976
261094
458149
402367
74400
68912
441067
462645
420144
307470
420519
263040
321398
55287
76798
397442
460378
183275
126800
72950
36525
107181
481920
284092
35430
467595
458380
227441
170067
467102
452488
120381
281186
134323
69561
333243
283907
131178
285236
58461
451856
265443
243881
261071
167451
29644
354858
315848
64364
67675
259929
193830
226641
42376
329529
458581
171646
267858
390380
182496
178558
68901
123083
223604
96657
301804
193767
210898
176131
423057
148341
398137
60227
209854
340886
8866
274535
434552
125694
393408
399820
431370
154977
96195
266548
426136
9527
44551
57147
221995
234935
29900
11719
222353
326278
187732
398092
201933
93864
5146
164257
202656
201395
463608
210141
197423
439047
68908
93456
44830
115381
252021
445189
72936
474508
180503
48558
289652
412226
376485
236509
402193
296671
101493
203863
94658
21191
415429
426578
222703
499460
112960
178059
320056
465078
325572
149416
453145
436121
383145
18738
221223
384878
18834
378239
460718
331661
436175
387599
55496
194873
12275
370033
311075
399581
295715
118128
207764
198057
27180
13342
204686
60819
388172
397690
34328
438402
52173
71447
23917
355560
264851
131259
356259
434278
3396
212868
155436
117383
347248
16704
25417
435928
124908
32175
120011
412807
40111
128809
315474
349340
260785
423155
122830
285039
294540
59737
274748
318543
141385
343470
33843
349214
221420
313726
237917
363377
169213
395356
200931
358970
440399
428868
106085
118406
241397
421858
113910
223439
213904
329281
103117
457272
206643
173496
13136
456500
278114
55061
414496
264979
184023
299611
468814
297091
226469
29490
418294
87475
75467
96740
449097
141600
265561
121881
277178
87666
424612
433476
303652
497669
213360
135745
221570
367618
2894
24981
94248
412328
280189
373739
357036
409510
225770
78591
427584
287459
186123
84269
48896
100056
9786
117265
39809
38244
287203
95118
357016
217080
461935
144896
297918
117314
192051
40876
384344
27681
191555
50612
56275
151814
134795
381664
364608
46589
151654
278378
61733
483287
108357
271496
264067
123367
56516
221447
133676
347751
266367
102188
280689
153316
419717
47133
116355
283760
389034
440380
117721
365697
370032
84367
112234
31866
264072
475092
82692
431830
30362
365101
140871
382271
265302
121606
283305
344343
35801
454563
270584
204054
421895
213912
53208
398374
160447
29499
146481
416215
227574
162685
233111
43333
7703
383976
297460
121852
110817
236082
212967
22632
6182
238763
83074
235050
461809
45445
75002
303758
266108
353338
154053
33057
6031
176041
190653
267834
310125
283185
65397
324873
106553
473863
196802
290401
207259
354955
83142
377698
196256
138074
379297
471857
186630
279239
468680
158879
93722
52545
357332
283398
156851
117520
450949
282624
470679
478038
345838
158742
317016
311106
202681
259266
218656
372118
431097
400199
177916
59956
8711
489183
486497
368878
124180
157768
464874
110384
355817
170055
3168
279857
212864
30206
440822
107953
27363
176475
379690
439953
64380
320287
109793
158255
336318
210047
293269
405238
19439
337265
253394
42622
302484
314245
153610
442821
304668
15437
267602
26605
251003
298082
424176
295818
79653
189346
144713
209167
283633
209907
297168
141364
332785
111708
493821
133600
312503
193006
184652
66379
425414
171063
88319
129772
494364
243275
411602
188255
415107
230729
498487
409849
85643
380521
173945
195821
398065
159758
415301
393186
231353
405846
174162
433269
282459
128459
437778
236111
333590
473558
412016
95119
239385
238587
10525
386303
191290
226889
329170
395973
262738
162333
160035
183081
98370
441990
349275
53917
114777
468368
254
487029
42327
229590
363033
55229
77908
438434
420716
51369
426176
488468
364126
325211
285557
11943
12365
339442
284841
137919
34548
336983
104953
473363
391797
172170
467344
475688
160416
92360
353445
487566
31250
187953
6911
223020
255598
404297
219365
79730
486383
105073
303970
276107
461367
53550
140067
332997
360875
42467
276134
87683
1726
379560
455666
337947
376697
346265
7426
191398
201799
243097
294059
1641
266022
35677
335157
203071
447349
30653
231466
50346
307823
287383
343342
207361
239674
350798
12645
259609
457546
237908
55263
437463
354786
62273
14105
45418
391019
331607
436601
174493
197729
206118
132881
87695
306422
240756
384321
395400
169938
360366
418682
441826
129798
493065
326236
82770
442572
379079
413160
20767
311023
249642
379072
256161
2490
128541
487213
64873
90549
87077
235340
128592
120339
411968
395536
28958
361961
427796
229245
440958
341494
171689
460527
51896
239060
204192
159943
217084
15714
243247
445360
301731
388645
120482
173269
345332
363252
117696
26119
94214
264154
3922
43919
146710
458825
379989
297882
112108
119085
493731
102284
457361
256567
407271
294713
188326
375175
27642
196822
271820
398220
313587
411944
87582
23054
121221
83035
416560
346206
111645
206254
11883
252603
32459
257003
303627
294142
268832
442697
102301
456854
80903
191730
108661
85775
91568
341720
216621
202242
278709
378517
409301
253565
38581
229070
282154
139811
150786
262723
184549
176766
132768
353251
370733
281753
198909
209383
358913
340142
321874
299305
160611
4106
74595
253314
132540
413937
36114
131688
128284
16035
169407
20939
254562
131839
204336
149879
494812
497438
336528
159957
445011
327418
239213
409990
54995
28070
69885
205799
156898
358007
118537
10516
125510
61953
132448
418874
19076
156399
19406
324614
17367
112667
223486
232366
415061
394477
36328
210322
280380
332767
13839
235761
295368
230600
365881
420346
154002
257479
2992
434786
19392
19510
445469
196845
300353
264605
480460
256728
23498
141581
300779
253766
445496
402725
279017
139210
131817
158162
431861
175874
108028
228366
261636
137704
89700
400148
305220
160081
151304
326627
120676
315001
421889
417631
334980
228293
354844
232198
358902
244036
428999
451396
395635
80845
121323
435155
395229
353223
133111
404929
365415
407032
243243
20236
308005
495515
235715
457543
373319
320302
139875
84867
39302
32371
49422
390416
349357
435
208399
51311
69169
292838
206103
30236
59959
94688
99297
395131
218240
223550
57842
14093
138119
468999
46251
452948
452885
70980
55791
27375
133802
250212
213993
244325
290193
113821
315096
265833
49205
308480
439468
216765
76563
100194
397411
69399
92048
61514
30801
179412
249366
367332
243157
426393
348709
359462
172512
447720
315383
336184
103037
395951
235815
322253
148020
99807
27422
485072
348521
101747
61772
449500
207091
484750
171293
215630
131862
164339
138501
24738
250167
45385
51698
385464
45855
137659
127449
8141
252020
211181
260239
185508
112880
432504
73406
300092
31658
495799
264141
34413
227875
378718
389060
417223
176266
58930
336869
313709
49921
472676
366456
468506
1828
323346
58227
352436
203299
88014
488953
355031
1000
8230
334571
120120
74383
235915
355130
303777
351899
245475
85300
385420
143968
318480
280975
373591
38339
93222
163996
93210
178620
209327
239145
63465
406086
74063
180311
105853
293026
368355
451114
105169
349216
437786
23844
197753
349743
106488
353305
123906
221300
234335
256787
457479
450028
255439
88950
199563
363007
341608
447138
72513
205991
439633
191802
446473
133527
153637
50378
320984
246777
242524
243655
463278
414204
401294
145451
317610
287149
84679
193873
292241
60791
447034
55177
337500
316004
394246
187099
7217
429663
435601
190184
391847
256905
460869
374117
289039
168585
430223
387352
118512
482539
145197
231575
13612
253958
388885
18439
498665
35270
351369
465154
393801
470561
144788
346767
464157
174795
49498
331173
358361
240681
45478
9549
44511
241551
338117
314677
342286
468354
32735
416918
259598
365287
413046
153667
165515
88905
32327
29154
226778
22276
60443
421046
68029
307151
470881
223018
47313
339869
368524
271250
358832
361484
186031
101377
65056
348979
435853
214417
498985
374081
98852
67303
383995
388466
116031
73490
420935
449667
365686
96617
308705
374322
412062
455925
86768
213349
167029
31328
406088
99425
340764
173638
48492
387637
17503
60360
164009
275710
296866
66002
44816
18251
400325
200857
239823
31169
44339
96507
343226
499804
317561
175999
341769
350733
440952
494294
494588
397101
93496
275373
128522
429315
448781
107355
157962
330810
323524
112621
38168
154990
344999
348145
491144
192534
59212
16574
76945
356102
416678
124540
246875
54419
290702
304301
483379
185841
125621
107257
193005
389966
296864
294841
264943
483907
427532
252712
165191
139022
52860
34884
8826
13276
234966
461819
24331
212543
499944
249191
339017
56732
69663
32585
418248
207775
21855
66238
369817
349135
324693
187009
373947
471633
171134
68896
331004
214959
439205
264975
55727
329534
142628
321723
30822
438479
296965
313906
191046
373894
422322
75441
377342
259778
194614
477170
425807
474756
296924
168962
277569
164495
395332
250353
153527
334968
53074
212669
150710
407960
127477
225546
327311
102390
300334
68043
110218
472231
490085
223645
37017
14030
395984
42710
419247
105656
137683
343439
450927
370240
112744
245631
367953
393690
457120
161052
237344
198875
368205
497436
373720
162415
437766
14262
208471
451445
17780
5104
84170
323449
311966
377391
168671
217347
232536
11947
50200
159337
183173
299856
8329
167675
452689
261597
8590
495067
226553
340977
260841
340877
45504
39928
463480
150439
424795
413877
109892
496795
144803
360904
148611
175237
16065
72597
333810
41099
209779
206239
43246
314404
347403
289235
261498
40310
17082
328917
55532
173745
124258
28744
469456
248663
114711
184746
120702
365181
187733
468373
142094
127914
135317
411893
256209
242480
148780
97123
479672
146882
276073
136560
42576
41236
432895
305025
303719
221608
220213
375824
352263
361347
284404
368597
88679
427867
188523
109000
330344
307011
177422
320609
94229
492669
400255
68008
27996
399460
216943
246378
267499
237992
155770
24783
301681
428288
107622
133780
474930
20146
230150
70871
184803
465038
142328
383986
49366
441475
397916
78488
34094
180866
226510
486453
492475
478773
168917
476895
389104
443293
11843
341330
411604
232899
326453
8330
406121
199323
161288
286731
428740
165414
313615
355708
109904
41021
472236
16394
283118
259912
404916
135314
157717
21918
196475
116534
162420
492333
177647
20485
327066
27101
438181
460056
137652
277311
267469
223785
121494
28194
444151
442798
236569
124327
69313
225717
308058
286810
148416
484768
206973
219451
134038
60023
377167
59416
395812
320566
138317
458956
8631
356056
276075
326890
116211
484972
271089
260819
319392
308030
120277
468496
95634
411991
138633
147058
197152
174354
314371
171603
30245
376435
392600
23602
179961
2824
124959
372435
480710
330296
193621
195592
415724
356346
158957
330865
14235
424241
310987
75134
374965
146608
257015
374082
419510
82984
74795
433353
150949
276582
180233
401352
70078
335192
414129
165536
298332
265810
485303
35683
16952
481064
38666
28594
98820
98181
21141
193888
311722
170030
207889
447583
302409
161726
296752
42900
159018
362700
56088
15020
166465
263791
422442
358769
130110
53686
44805
125949
165388
362584
230963
5654
159307
393578
439930
455959
360511
186605
485951
413844
295940
250778
210599
41217
304462
69269
118763
405591
438726
35799
253022
362109
320731
193637
321989
353643
340733
288998
459221
85367
60714
324673
456342
11377
311219
228175
155715
17933
405627
420567
51166
370843
142110
187451
170626
16910
446605
405698
69548
16700
158666
387125
386218
289313
312187
140151
471131
292901
307245
63178
203243
71768
339651
291474
404311
4386
190023
409622
18580
302679
361900
250092
249782
105305
202966
238454
360453
413619
20493
78474
128722
216360
324859
297874
259265
155455
397113
61231
212917
62565
342649
228929
483798
284045
211461
10846
107689
152139
19890
115975
206377
133125
107864
208271
113829
367293
139408
268573
301231
51158
317286
475950
383385
488322
132155
212576
97729
209725
449102
236919
335559
470010
251694
304923
58851
28215
278774
39207
166133
413167
392810
65760
123277
279411
153198
42776
14172
131748
342444
314439
306558
121470
49284
453815
489106
326405
492107
417546
321077
116764
155510
220679
89370
49383
31394
281783
182550
125495
188890
344821
16764
33544
193689
256525
330111
273072
168204
233340
316570
235871
201669
106932
421146
335613
383904
443322
272682
228446
47148
396355
417461
43304
336585
119461
102082
470065
487412
479233
308792
340081
477032
496732
382961
258300
202589
382048
228120
484219
471843
222041
259663
476536
98091
338624
308172
348260
82138
341641
497985
429299
96251
458360
74832
221673
388003
434199
195756
235345
444973
175331
469790
404301
77769
197639
139285
69000
275880
155927
364808
414530
332127
175924
5374
383849
122499
1688
319119
116170
81383
330800
29789
259523
276826
283514
221181
263715
169548
352565
315323
491650
43012
484612
460324
88692
429827
318172
285683
63735
148119
275526
226092
117469
421863
53931
47418
252898
334260
334611
340792
456200
217967
147717
162737
272639
78026
416391
392196
325
405659
245116
333149
423027
166425
64017
270989
475284
343721
416221
270391
338398
248503
99728
152522
378540
43454
212216
121204
260057
482319
350023
296479
318091
306374
315511
273519
416343
9045
70309
358848
431554
395325
68198
138250
185799
321648
497099
414765
290424
15672
192461
115678
287483
304171
254025
332105
469597
463896
134133
472458
403432
299135
483976
426924
187388
299268
44365
276853
78016
295263
47693
17640
150656
165533
5706
167390
149561
220787
215806
205944
33052
73686
197520
224568
371032
41327
25210
214745
53611
375046
241197
149014
413734
390237
352770
73271
55111
247735
125377
174519
420480
179188
418131
151425
273619
91754
126209
284071
373078
33341
105884
301042
229359
230276
170129
347227
462840
445056
325863
52263
248218
235898
491165
401398
314837
446606
1355
354317
225520
132506
434480
233928
469195
98021
8110
266397
329017
461336
341443
187319
333170
373407
114339
1014
56472
204234
259724
349120
428569
265387
336929
56259
221646
474668
388211
418293
385897
272799
328943
122947
157997
151331
257590
439618
67299
314970
128485
130516
75497
309178
156305
73606
426681
115422
253370
469583
473837
174761
72553
45696
36890
163987
328650
38118
77154
163698
284064
13424
361977
336155
483530
426150
190716
201656
364155
11105
324277
344555
359874
361349
97077
151735
129385
91455
435898
381269
477267
69241
331267
311207
8079
159125
470865
181988
186558
417351
65387
7394
49765
116207
246708
421065
275201
85389
422854
7964
397209
492334
119104
471117
33045
41357
85965
333697
147020
165755
191842
32592
33343
184597
330972
423046
179528
178823
77953
142972
147874
395347
276147
389110
193671
135671
259129
4071
62505
78788
161687
19294
64753
432896
216004
369405
101545
117547
52279
475799
305469
151407
481604
270821
30040
455245
354762
180053
410868
388210
497837
92108
266503
104913
144473
356351
179811
377649
142704
270151
167633
161326
201028
45119
306539
231607
157753
250140
299489
25486
490738
255952
241743
373522
45097
357869
270299
172511
405904
484460
139835
246533
200940
441458
426810
324500
344756
405433
349560
465238
255954
196432
121089
434584
281591
323899
188267
95077
108870
118775
235864
331170
402556
102868
279282
26682
419266
30060
230185
304716
295338
79965
435425
35750
160251
13586
80921
149467
389595
82691
74929
125787
80774
49244
156869
338786
277522
165622
176960
297113
177857
216366
83794
46095
363085
104001
313282
329005
217613
494971
159450
36552
207729
246164
3953
396188
336183
266048
352518
196913
76596
109775
346635
340899
161689
214382
154131
278653
379866
369045
154261
18607
191177
132317
110300
308361
338510
280704
30675
280562
469363
323512
428212
160983
470483
452218
57965
371901
109098
76486
410112
206325
119484
130689
449925
193504
133466
104257
8577
357017
28569
362602
182808
13813
238925
392697
472844
197227
199299
47923
253180
256715
39830
348370
400571
45206
167571
429457
159156
242190
177811
115374
370770
412394
134525
81929
274701
212039
261485
331917
142604
395868
96202
242309
425606
201122
91902
353091
391725
234286
126775
304152
190538
105927
451318
12557
190951
403187
370198
285200
334012
358863
305896
153566
407575
84571
28672
277511
354772
472775
456910
26280
489774
318816
463484
221145
181401
385695
110735
177187
56070
160043
350269
486538
192050
187572
352308
61737
411331
176956
178948
482694
284336
42132
25828
358045
58456
72269
356774
299045
72331
400391
4271
394659
425153
360867
284431
262235
227701
380886
497868
47878
484453
222205
323164
191189
27735
385292
449347
355636
31232
191378
422621
389881
445569
396565
36799
455234
5103
31960
1237
494385
127245
271605
80623
21872
143047
93166
284618
498837
163205
459574
486507
273923
116111
308168
38589
162034
371255
479262
265120
484262
44337
144037
444607
128876
87979
122022
140719
102066
393139
146849
117819
131374
3980
42836
383774
407507
473744
325138
396780
425383
314237
78835
288418
206338
323789
406696
156683
410284
493138
113951
167027
373528
202792
73637
475467
213767
402816
473569
464490
207439
259231
205569
401505
232771
352338
356718
21359
322467
4607
375425
442111
184853
173311
498173
18029
334368
368845
460785
315332
336893
233448
223635
136559
190206
426845
296337
104275
406951
78683
391745
2643
230008
280667
215672
194583
162047
335921
80738
487159
198802
491194
87591
283697
32582
127668
452072
291688
294423
337304
366093
323620
203089
280671
244283
306056
276456
422253
159894
148200
130987
96862
388643
459003
106069
145946
252469
368640
177670
214244
392706
143864
240206
499680
145806
117597
96642
213891
402597
178845
332170
457553
92254
468581
25350
321148
280054
487864
157166
341921
5541
269951
414321
257230
173054
177958
235480
60066
226653
142389
153324
272328
150694
236810
148345
23315
41768
241663
309821
410407
444042
416566
64699
250269
374324
267986
45525
268230
371142
248666
100094
174888
482070
187675
295206
457671
368915
345937
139280
58991
73715
162309
399641
437871
23228
475158
280803
177352
163257
276418
60824
417473
168042
398740
199774
382034
38649
177834
162908
450754
55477
366724
328690
473711
241649
189485
360998
70129
294579
76710
12697
423052
33848
331879
347427
163538
301986
319401
270490
280690
181676
265713
65177
76230
302006
288467
108784
423152
62767
273399
163616
328133
483902
95931
462095
116668
101244
454863
135606
202414
370700
164748
72119
95615
89385
215661
319576
191827
700
480453
361196
368508
18274
190545
139971
251448
335398
84774
138402
55580
114928
23949
448608
217205
14531
319955
94089
257840
395567
413887
196830
497660
218722
188278
59711
374159
376088
16001
266351
392581
76020
75642
303527
417422
94832
282455
347230
278801
416945
403765
64162
277380
117979
418068
126590
335695
173161
158577
412957
59760
432879
275895
65368
397249
225182
293775
191412
122249
389092
384695
427614
339460
259969
361699
46981
315527
411580
105433
282702
330107
409054
230140
247923
370837
443389
403431
61042
45856
67718
392192
459915
379107
50065
309863
66194
382304
243308
449703
386988
312708
130897
494857
279229
296584
387647
427568
496841
229098
321009
188026
134005
207630
44245
317296
423026
125815
253450
284522
110712
113663
237224
419029
180659
438633
365599
383282
351921
100032
148969
498404
10377
42733
86762
338927
25850
334204
293797
145060
119918
330358
294948
184931
322696
7002
471062
249457
17233
462759
408265
125978
108538
54140
53716
182888
396025
428351
245390
191066
185043
157507
215532
33929
120351
147762
418473
61261
338145
326352
127690
402902
121797
54305
199120
440624
47787
398229
325273
446345
357410
244257
413250
302160
266023
252559
166000
19210
30614
117319
457848
194426
132838
472658
152692
320289
131971
415051
169166
175319
196602
153351
365201
478980
278047
438135
99575
77699
337703
434573
194655
200907
49210
182413
398746
440923
7257
112485
74737
400229
278936
202642
247117
389542
225993
94059
221252
233765
8270
149269
12949
8944
378876
243064
9228
336859
139300
381799
92619
277037
54769
470301
402485
432972
264705
421096
364423
168358
489235
366339
484876
145255
446962
144039
159149
477491
431092
165424
464570
217343
369169
165700
397224
406471
73437
159691
20817
429614
182944
48614
237187
88599
149207
107929
90610
301155
112817
81651
101105
447432
80102
300664
203339
224407
141583
269128
133045
46969
264633
393522
147206
470271
18960
413858
337026
102336
361231
15992
105166
438204
15249
166773
106372
150538
270689
108571
296672
27964
298802
398025
233948
241729
111078
251233
385301
405303
6845
152388
107246
97727
148282
494375
461639
451990
290108
38441
491044
185030
19983
300016
182803
292234
83413
370569
19154
91172
454072
151590
220286
191190
160964
314926
277913
28515
159120
54829
299701
66853
212558
395238
311486
79085
38748
42555
18759
284467
216989
356284
429364
342217
191005
457791
408889
273567
139322
117954
436530
454327
185173
314931
237752
187412
1528
169829
382445
324644
6430
214987
56597
183332
422908
456799
414695
357650
455684
61886
144841
284724
214368
454984
120516
18860
317368
246469
241473
15751
273817
119705
44388
155197
205949
173813
229293
247587
105630
382168
396315
310005
324636
158679
291344
305935
469011
69286
253224
277367
98656
210226
165873
2865
398911
26731
4262
61079
61417
457280
302912
242759
84140
277643
284011
262128
257387
145041
138820
250606
279601
21607
205979
77387
223556
399399
8653
422309
420528
296453
457025
139512
443405
100324
390376
119796
32760
133420
153010
452936
283362
285107
378028
289347
178503
150905
212314
104734
206448
495310
71945
96458
70609
497682
288547
493244
402965
4788
491315
269109
60250
456956
180665
100266
339812
239104
11454
444559
52339
360009
77606
362266
400470
174467
341139
360803
362503
383744
381870
258122
344063
281618
129451
487895
419590
100009
157418
63637
419617
483219
220687
200028
110298
286119
386984
268268
80956
421055
413211
178920
477951
366873
74934
273779
8238
300834
419420
21517
225185
59336
71782
185594
342201
63949
114717
94315
25334
27271
271576
224639
340726
402016
293054
71406
493887
287461
464420
493281
487163
258322
175626
278050
321354
455952
25081
177209
494953
379223
89020
167414
142286
445997
205473
411731
129998
4644
137603
342357
1652
442534
449734
386500
204481
185505
196873
272309
245247
157535
451544
260132
285961
390562
298231
79315
41828
41744
105506
119240
485040
181458
102219
320398
417395
295589
389775
479594
251654
492910
207221
366969
350382
267133
371989
180646
389588
155686
425877
151124
217612
68877
139724
491143
194601
309082
77496
170825
103812
110549
211623
311370
368037
293392
21267
53658
81494
464622
490045
12475
309542
63943
443231
313215
111620
333338
51490
343488
357075
346493
273153
55752
422546
102629
332228
405304
315301
456273
271467
385744
435831
313150
420593
337629
393839
406975
436441
151335
217783
95719
66339
199249
301403
327649
182685
77609
467673
222822
392855
73203
207100
146346
89279
90471
398172
489609
398707
47656
238934
159650
78374
101770
330902
477563
156035
608
271328
375886
459105
235155
210059
458895
102558
6793
297846
354095
41167
430570
186169
427967
224647
84816
435576
260078
384889
18927
336589
22781
42694
404284
46740
367206
161241
53211
59378
53706
143458
278959
463858
430051
480476
228454
90999
413139
230306
173826
10263
1398
465615
212123
157052
105848
21967
10069
67864
254149
124950
364480
233992
158267
165242
73350
120206
386837
122404
184312
421915
215323
329691
46546
30092
430013
439316
416113
50673
309631
457600
271877
464101
158820
10484
479032
15925
212739
219516
196325
463341
444764
114592
98593
160825
465346
236402
330343
89771
2424
80730
186184
266502
257882
393152
245737
101900
216165
107785
91919
174176
297420
461804
15391
229063
31293
19807
312556
41574
250184
172983
279187
314136
298535
207674
147321
484614
112838
88275
367905
380315
308491
410185
488087
346227
87819
367441
206280
411778
345028
252618
414837
256353
186845
128383
170346
28546
394607
43383
480667
105488
375432
306281
481537
79502
294474
374741
496197
479966
144450
122196
117827
405276
388922
98498
454337
348339
257444
419242
101156
61365
434313
152829
339271
136758
37422
242169
297322
445893
47437
273130
492349
249402
239079
466781
352213
148116
13060
388237
465851
157991
469274
83524
139344
80522
143702
273835
261991
38996
270798
212763
372273
273859
358661
478589
200568
245590
311296
189003
238226
122514
60148
370686
348077
95018
249079
251598
19703
345645
405894
179603
25347
21102
490930
426333
195271
50484
203854
38101
413925
345649
286521
252213
82524
281644
255358
331995
74474
240203
23864
300585
444737
222101
429057
462960
90839
489217
360490
226410
252436
391703
378085
121769
489982
6452
321578
487208
424985
451980
392000
453530
359962
333803
51719
221957
164210
323394
275954
359875
442133
46343
55936
6408
118006
117775
172043
466275
88331
60509
61541
462546
212129
238535
362526
5878
414581
231161
419204
51567
452426
102499
272624
347632
127699
409674
166659
199090
18938
143513
471359
101114
213237
388979
108998
399138
176017
473549
155808
305510
250416
258548
108644
324642
50676
331752
480909
196029
382366
464789
154175
77825
145376
73456
189049
118804
5822
83917
183226
33695
463232
467730
107764
291655
131860
30443
196794
250578
373778
155636
351182
448465
400602
196166
120229
61607
106034
311321
175472
288527
136078
452657
41654
110747
419791
318040
63817
366497
337174
165906
300656
492684
400259
407013
113096
23371
132527
362173
124263
127138
104957
312179
149922
367301
254309
499010
337317
489103
6769
335150
21864
485559
143301
243708
471722
424905
308986
336661
474183
126124
409101
292269
221802
35943
127521
71624
43959
43490
396974
394378
256922
301897
338850
166267
474302
266494
465687
63755
315972
326181
131582
15313
334707
350546
412364
389237
196155
297313
314167
167374
342008
259852
424879
421403
452333
81071
482150
271656
216934
380079
55279
410333
120601
305929
175703
23454
346864
332344
126801
259040
425146
472902
495054
30930
275701
314029
404768
161839
346998
360147
448937
434158
291531
281052
285436
198369
321854
208459
218407
96604
162720
415977
404781
98789
271934
77409
431388
384611
14291
354385
249070
3725
73582
256099
246071
125997
21948
412692
393363
52008
57227
31067
414109
318230
477669
366484
350231
217650
349101
465330
395550
222696
252288
150146
487806
738
474711
57196
285455
489736
442409
204863
75356
349089
41196
287304
381775
151778
58990
236966
134022
366764
453713
278978
126372
41886
423286
324565
106853
211029
191254
125440
287462
425070
134001
343083
312731
403155
265663
93295
328173
64212
361175
100955
252126
420605
433910
352448
470030
377256
469190
433355
427173
143677
97789
361088
5272
85685
346162
228634
361084
183795
276285
349365
431943
496983
18461
377758
198873
285554
151305
71643
367032
346027
83955
231053
431277
232740
72418
292932
493802
452370
413741
116430
106376
499475
174006
116240
57690
36451
421328
313982
174524
33202
455277
278075
348669
195509
132470
299292
135460
56163
378023
428337
106986
136779
356490
161604
109412
331042
345219
397573
373562
281119
366802
193461
101309
195811
302310
36301
285603
292749
305468
375214
380114
374952
260736
73690
198645
292796
447218
108966
280751
40955
138365
259635
55686
232734
263034
167739
43957
251496
303136
479130
404113
445738
222896
126421
349072
189263
193924
337143
304902
175983
466706
366685
200315
236357
254305
469162
236938
244576
8847
397077
252801
299365
127999
381446
58443
289100
63321
118488
305157
186514
128572
391102
271361
410944
425979
294211
218258
245562
485326
59669
228428
59389
463462
291670
417937
254344
47543
256218
494731
258444
19183
214112
437276
304546
355509
176589
414119
308669
498354
355382
210112
14025
50457
85432
281205
228248
69318
241997
316261
155398
479417
458797
2669
193094
17339
83211
134664
135326
20430
346214
243230
433387
54363
82823
273439
262398
137154
178027
202868
429764
455232
498737
353140
455675
467365
294356
227298
81698
82251
478857
402476
425174
495079
434377
486350
410004
77161
174310
246568
138528
238215
146993
151435
21870
164612
232721
157139
379432
242111
399411
447651
473647
226037
192953
394876
160055
347549
405475
382665
371915
357455
321746
65688
148223
65798
369485
251099
303540
193449
481646
364867
473554
98704
320136
251331
457290
66842
301054
73451
381178
292376
71097
67976
23569
253994
57156
64135
8871
40500
172030
463529
344657
81123
353963
195392
179364
67494
306350
398987
331408
85729
239021
104440
410021
50905
29541
162954
477042
479626
103614
424109
480512
462286
266280
451944
277118
251096
48080
91923
83455
253297
468690
458533
291214
39443
484636
244168
354546
125958
411371
320899
246114
263308
319937
296405
335987
385128
52269
14508
285646
272593
3138
467777
446866
15924
60112
67676
319324
256418
384416
355707
195676
383630
344361
359410
12382
280104
151517
130443
361817
620
209172
148589
341776
284573
233095
366784
399996
302550
238691
251206
64944
172860
16976
318951
485011
36892
308950
481513
222989
417534
184674
461766
237765
309028
160722
485519
357952
170361
23884
305492
99301
109477
279113
462314
330856
430001
133478
300550
105260
434503
162765
308574
462354
206341
56918
260773
108951
3175
236284
129367
477811
390644
280946
289366
404889
64721
381715
192001
483532
160681
101530
193001
347437
444019
24127
444850
221764
295555
430358
302444
374735
139303
318874
393077
265439
423659
416439
463463
347113
442501
105606
1821
424348
285242
151468
200194
121280
264561
390619
351304
302251
436415
333169
294294
13539
169769
308213
14022
384402
218243
342475
442494
153509
321310
197055
245012
179349
386372
181181
203505
492985
231048
198084
181390
216419
428907
268380
398477
196598
275781
129907
114572
